>> real(6+5i)%1.复数

ans =

     6

>> imag(6+5i)

ans =

     5

>> format long%2.格式
>> 50/3

ans =

  16.666666666666668

>> format 
>> 50/3

ans =

   16.6667

>> A=[4,2;3,6]

A =

     4     2
     3     6

>> B=exp(A)

B =

   54.5982    7.3891
   20.0855  403.4288

>> sin(pi/2)
下标索引必须为正整数类型或逻辑类型。
 
>> sin(pi/2)
下标索引必须为正整数类型或逻辑类型。
 
>> clear
>> sin(pi/2)

ans =

     1




>> abs(3)%3.abs

ans =

     3

>> abs(-3)

ans =

     3

>> abs(6+5i)

ans =

    7.8102

>> abs('a')

ans =

    97



>> fix(-3.2)%4.取整

ans =

    -3

>> ceil(3.2)

ans =

     4

>> floor(3.2)

ans =

     3

>> round(3.2)

ans =

     3



>> rem(345,10)%5.取余
ans =

     5

>> rem(345,100)

ans =

    45

>> x=1:100

x =

  1 至 18 列

     1     2     3     4     5     6     7     8     9    10    11    12    13    14    15    16    17    18

  19 至 36 列

    19    20    21    22    23    24    25    26    27    28    29    30    31    32    33    34    35    36

  37 至 54 列

    37    38    39    40    41    42    43    44    45    46    47    48    49    50    51    52    53    54

  55 至 72 列

    55    56    57    58    59    60    61    62    63    64    65    66    67    68    69    70    71    72

  73 至 90 列

    73    74    75    76    77    78    79    80    81    82    83    84    85    86    87    88    89    90

  91 至 100 列

    91    92    93    94    95    96    97    98    99   100

>> k=isprime(x)  %6.判断素数

k =

  1×100 logical 数组

  1 至 27 列

   0   1   1   0   1   0   1   0   0   0   1   0   1   0   0   0   1   0   1   0   0   0   1   0   0   0   0

  28 至 54 列

   0   1   0   1   0   0   0   0   0   1   0   0   0   1   0   1   0   0   0   1   0   0   0   0   0   1   0

  55 至 81 列

   0   0   0   0   1   0   1   0   0   0   0   0   1   0   0   0   1   0   1   0   0   0   0   0   1   0   0

  82 至 100 列

   0   1   0   0   0   0   0   1   0   0   0   0   0   0   0   1   0   0   0

>> k1=find(k)

k1 =

  1 至 18 列

     2     3     5     7    11    13    17    19    23    29    31    37    41    43    47    53    59    61

  19 至 25 列

    67    71    73    79    83    89    97

>> p=x(k1)

p =

  1 至 18 列

     2     3     5     7    11    13    17    19    23    29    31    37    41    43    47    53    59    61

  19 至 25 列

    67    71    73    79    83    89    97

>> x=sprt(7)-2j;
未定义函数或变量 'sprt'。
 
是不是想输入:
>> x=sqrt(7)-2j;
>> y=exp(pi/2);
>> z=(5+cosd(7))/(1+abs(x-y))

z =

    1.5182

>> clear
>> x=sqrt(7)-2j;
y=exp(pi/2);
z=(5+cosd(7))/(1+abs(x-y))

z =

    1.5182

>> who  %7.who和whos

您的变量为:

x  y  z  

>> whos
  Name      Size            Bytes  Class     Attributes

  x         1x1                16  double    complex   
  y         1x1                 8  double              
  z         1x1                 8  double              


%%%%%%%%8.保存加载变量
>> save mydata x y z
>> load madata
错误使用 load
无法读取文件 'madata'。没有此类文件或目录。
 
>> load mydata
>> clear
>> load mydata


%%%%%%%%%9.数组
>> A=[1,2,3;2,3,5;4,5,8];
>> B=[-1,-2,-3;-2,-3,-5;-4,-5,-8];
>> C=[A,B;B,A]

C =

     1     2     3    -1    -2    -3
     2     3     5    -2    -3    -5
     4     5     8    -4    -5    -8
    -1    -2    -3     1     2     3
    -2    -3    -5     2     3     5
    -4    -5    -8     4     5     8

>> D=A+j*B

D =

   1.0000 - 1.0000i   2.0000 - 2.0000i   3.0000 - 3.0000i
   2.0000 - 2.0000i   3.0000 - 3.0000i   5.0000 - 5.0000i
   4.0000 - 4.0000i   5.0000 - 5.0000i   8.0000 - 8.0000i

>> 0:1:5

ans =

     0     1     2     3     4     5

>> 0:5

ans =

     0     1     2     3     4     5

>> linspace(0,pi,6)

ans =

         0    0.6283    1.2566    1.8850    2.5133    3.1416

>> a(1).x1=10;a(1).x2='a';a(1).x3=[11,21;34,78];
>> a(2).x1=12;a(2).x2='wang';a(2).x3=[34,191;27,578];
>> a(3).x1=14;a(3).x2='cai';
>> a(3).x3=[13,890;67,231]

a = 

  包含以下字段的 1×3 struct 数组:

    x1
    x2
    x3

>> b={10,'liu',[11,21;34,78];12,'wang',[34,191;27,578];14,'cai',[13,890;67,231]}

b =

  3×3 cell 数组

    [10]    'liu'     [2×2 double]
    [12]    'wang'    [2×2 double]
    [14]    'cai'     [2×2 double]


%%%%%%%%%10.数组引用
>> A=[1,2,3;4,5,6];
>> A(3)

ans =

     2

>> D=sub2ind(size(A),[1,2;2,2],[1,1;3,2])

D =

     1     2
     6     4

>> A

A =

     1     2     3
     4     5     6

>> [I,J]=ind2sub([3,3],[1,3,5])

I =

     1     3     2


J =

     1     1     2


>> A=[1,2,3,4,5;6,7,8,9,10;11,12,13,14,15]

A =

     1     2     3     4     5
     6     7     8     9    10
    11    12    13    14    15
 
>> A(1:2,:)

ans =

     1     2     3     4     5
     6     7     8     9    10

>> A(2:3,1:2:5)

ans =

     6     8    10
    11    13    15


>> A(end,:)

ans =

    11    12    13    14    15

>> A([1,2],3:end)

ans =

     3     4     5
     8     9    10



%%%%%%%%%%%11.删除矩阵的元素
>> A(:,[2,4])=[]

A =

     1     3     5
     6     8    10
    11    13    15



%%%%%%%%%%%12.改变矩阵的形状
>> A=[1,2,3,4,56,75,3,24,54,23,23,23];
>> y=reshape(A,3,4)

y =

     1     4     3    23
     2    56    24    23
     3    75    54    23
>> B=y(:)

B =

     1
     2
     3
     4
    56
    75
     3
    24
    54
    23
    23
    23



%%%%%%%%%%%%%%13.除法
>> A=[1,2,3;4,2,6;7,4,9];
>> B=[4,3,2;7,5,1;12,7,92];
>> C1=B/A

C1 =

   -0.1667   -3.3333    2.5000
   -0.8333   -7.6667    5.5000
   12.8333   63.6667  -36.5000

>> C2=A\B

C2 =

    0.5000   -0.5000   44.5000
    1.0000    0.0000   46.0000
    0.5000    1.1667  -44.8333


%%%%%%%%%%%%%%14.乘方

>> A^2

ans =

    30    18    42
    54    36    78
    86    58   126


%%%%%%%%%%%%%%15.点乘（点除，点乘方）

>> A.*B

ans =

     4     6     6
    28    10     6
    84    28   828


>> x=[0.1:0.3:1]

x =

    0.1000    0.4000    0.7000    1.0000

>> y=sin(x).*cos(x)

y =

    0.0993    0.3587    0.4927    0.4546



%%%%%%%%%%%%%%%16.关系运算

>> x=5

x =

     5

>> x==5

ans =

  logical

   1

>> A=[24,35,13;22,63,23;39,47,80]

A =

    24    35    13
    22    63    23
    39    47    80

>> P=rem(A,2)==0

P =

  3×3 logical 数组

   1   0   0
   1   0   0
   0   0   1

%%%%%%%%%%%%%%%%%%17.逻辑运算（&，|，~)


>> 3<4&4<5

ans =

  logical

   1

>> ~(9==1)

ans =

  logical

   1

>> ~9==1

ans =

  logical

   0


>> m=100:999;
>> m1=rem(m,10);
>> m2=rem(fix(m/10),10);
>> m3=fix(m/100);
>> k=find(m==m1.^3+m2.^3+m3.^3)

k =

    54   271   272   308

>> s=m(k)

s =

   153   370   371   407


%%%%%%%%%%%%%18.字符串
>> ch=['abcdef';'123456'];
>> ch(2,3)

ans =

3

>> 'I''m a student' %字符串中的单引号

ans =

I'm a student

>> ch='ABc1234e56Fg9';
>> revch=ch(end:-1:1)%倒序

revch =

9gF65e4321cBA

>> k=find(ch>='a'&ch<='z')%找到小写字母

k =

     3     8    12

>> ch(k)=ch(k)-('a'-'A')

ch =

ABC1234E56FG9

>> length(k)%个数

ans =

     3


%%%%%%%%%%%%%%%%%%19.字符串的操作
>> t=pi;
>> m='[t,sin(t),cos(t)]';
>> y=eval(m) %以字符串m中的内容为命令

y =

    3.1416    0.0000   -1.0000

>> sl='MATLAB';
>> a=abs(sl)%字符串转ascll

a =

    77    65    84    76    65    66

>> char(a+32)%ascll转字符串

ans =

matlab


>> 'www0'>='W123'%比较

ans =

  1×4 logical 数组

   1   1   1   0


>> strcmp('www0','W123')

ans =

  logical

   0

>> strncmpi('www0','W123',1)

ans =

  logical

   1


>> p=findstr('This is a test!','is')%找位置

p =

     3     6

>> result=strrep('This is a test!','test','class')%替换

result =

This is a class!


%%%%%%%%%%%%%%%20.特殊矩阵
>> A=zeros(3,2)%零矩阵

